8.8
9.3
9.0
8.9
8.9
8.8
8.9
9.1
8.9
9.1
9.0
8.8
8.9
9.1
9.0
9.0
8.9
8.9
8.8
8.9
8.9
8.8
9.0
9.0
8.9
9.2
8.8
8.9
9.0
9.0
8.8
9.0
8.8
8.9
8.9
8.9
8.8
8.9
9.1
8.8
8.8
9.0
8.9
8.9
9.0
9.0
8.8
8.9
9.0
9.0
9.0
8.8
8.9
9.0
8.9
8.8
9.0
8.9
8.9
9.2
8.9
8.9
9.0
9.0
9.1
8.9
8.8
9.0
9.0
9.0
8.9
8.8
9.0
8.8
8.8
9.0
9.1
8.9
8.9
8.9
8.9
8.8
8.9
8.9
8.8
9.1
8.8
8.8
8.9
8.7
8.9
9.0
8.8
8.8
8.9
8.8
8.8
8.9
8.9
9.1
8.7
8.8
8.8
8.8
8.9
8.8
9.2
8.8
8.9
8.8
8.8
8.8
9.0
8.9
9.1
8.8
9.7
8.9
8.8
8.9
8.7
8.8
9.0
8.9
8.8
8.9
8.9
8.9
8.9
9.1
8.9
8.8
8.9
9.0
8.9
8.8
8.9
9.2
8.9
8.9
8.9
8.8
8.8
8.8
9.1
8.9
8.9
8.9
8.9
8.9
8.9
8.8
8.9
8.8
8.9
8.9
9.0
8.9
8.9
8.9
8.7
8.8
8.8
8.9
8.8
8.9
8.9
8.7
8.8
9.1
8.9
9.1
8.9
8.9
8.8
9.2
8.7
8.8
9.2
8.8
9.1
8.8
8.7
8.8
9.1
8.9
8.9
8.8
8.8
9.1
8.9
8.8
8.9
8.8
8.8
8.8
8.9
8.7
8.8
8.8
8.9
8.9
8.9
8.8
9.1
8.9
8.9
8.9
8.8
8.9
8.7
8.9
9.1
8.8
8.9
8.9
8.8
9.0
9.0
9.0
9.0
8.7
8.9
8.9
8.9
8.7
8.9
8.8
8.9
8.9
9.1
8.8
8.9
9.1
8.9
8.9
8.8
8.8
8.9
8.8
8.8
8.9
8.8
8.8
8.9
8.8
8.9
8.9
8.8
8.8
