19.2
20.3
19.6
19.5
19.3
19.2
19.5
19.5
19.5
19.9
19.7
19.3
19.6
19.6
19.4
19.8
19.5
19.8
19.3
19.4
19.5
19.4
19.5
19.5
19.4
19.5
19.4
19.4
20.2
19.6
19.4
19.4
19.3
19.5
19.6
19.5
19.5
19.4
19.7
19.4
19.6
19.7
19.5
19.6
19.8
19.6
19.3
19.5
19.9
19.7
19.6
19.4
19.5
19.9
19.5
19.4
19.6
19.5
19.7
19.7
19.6
19.5
19.7
19.8
19.9
19.3
19.4
19.6
19.5
19.9
19.4
19.3
19.6
19.3
19.4
19.7
19.6
19.5
19.6
19.5
19.5
19.4
19.6
19.4
19.4
19.8
19.3
19.3
19.4
19.2
19.8
19.6
19.4
19.3
19.5
19.3
19.4
19.5
19.3
20.0
19.1
19.2
19.3
19.4
19.4
19.4
19.5
19.4
19.6
19.4
19.3
19.4
19.5
19.4
19.5
19.4
19.4
19.5
19.1
19.5
19.1
19.2
19.9
19.4
19.3
19.5
19.6
19.5
19.4
20.1
19.5
19.3
19.5
19.9
19.4
19.3
19.4
19.5
19.3
19.5
19.4
19.3
19.2
19.2
19.7
19.6
19.4
19.5
19.5
19.5
19.4
19.3
19.6
19.3
19.5
19.6
19.7
19.6
19.4
19.4
19.2
19.3
19.2
19.4
19.4
19.5
19.4
19.3
19.4
19.4
19.4
20.0
19.3
19.4
19.4
19.3
19.2
19.6
20.4
19.2
19.5
19.4
19.2
19.1
20.0
19.4
19.4
19.4
19.4
19.4
19.4
19.5
19.5
19.3
19.2
19.3
19.4
19.1
19.3
19.3
19.4
19.3
19.5
19.1
19.7
19.4
19.4
19.4
19.4
19.5
19.2
19.4
19.6
19.3
19.4
19.4
19.3
19.6
19.4
19.7
19.8
19.2
19.6
19.3
19.4
19.2
19.4
19.5
19.3
19.4
19.6
19.3
19.4
19.5
19.5
19.4
19.3
19.5
19.5
19.3
19.4
19.6
19.5
19.2
19.5
19.3
19.3
19.5
19.3
19.3
