5.1
5.2
4.8
5.1
5.0
5.2
5.0
4.9
4.8
4.8
5.0
5.2
5.0
5.0
4.8
5.2
4.9
5.0
4.8
4.9
5.1
5.1
5.2
5.1
4.9
4.9
5.2
5.1
5.1
4.8
4.8
5.2
4.8
5.2
4.9
4.9
5.1
4.8
4.8
5.0
4.9
4.8
4.8
5.0
4.9
5.0
5.2
4.9
5.2
5.1
5.0
5.2
4.8
4.9
5.1
4.9
4.9
4.9
4.9
4.9
4.9
5.1
5.1
4.9
5.0
5.0
5.1
5.0
4.9
4.8
5.1
5.2
4.9
4.9
4.8
5.0
5.2
5.1
4.8
5.0
5.0
5.1
5.0
4.9
5.2
5.2
4.9
5.2
4.9
5.2
4.9
4.8
4.9
4.8
4.9
5.1
4.8
5.2
5.2
4.8
4.9
5.0
5.1
5.2
5.2
5.1
4.8
5.0
5.2
5.1
5.2
5.0
5.1
5.1
5.2
4.8
4.8
5.2
4.8
4.8
4.9
4.8
5.2
5.0
5.1
5.1
4.9
5.2
4.9
5.2
5.2
5.0
5.2
5.1
4.8
5.1
4.9
5.0
4.8
4.9
5.0
4.9
5.0
5.1
5.1
4.9
4.9
5.2
5.2
5.1
4.9
4.9
5.1
4.8
5.0
5.1
5.1
4.9
4.8
5.0
5.0
5.0
5.0
5.2
4.9
5.1
4.8
5.0
4.9
5.2
4.8
5.2
4.9
5.1
4.8
5.0
5.1
5.2
5.2
4.9
5.1
4.8
4.9
5.2
4.9
4.9
5.0
4.8
4.9
4.9
5.0
5.1
4.8
4.9
4.8
4.8
5.0
4.8
5.2
4.8
5.0
5.1
5.0
5.2
4.9
5.2
5.1
4.8
4.8
5.1
5.0
5.1
4.8
5.0
5.2
4.9
5.2
4.9
4.9
5.2
4.8
5.2
5.0
5.0
5.0
5.0
5.0
5.0
5.1
5.1
5.2
4.9
5.0
4.9
4.9
5.0
5.2
4.8
4.9
5.2
