12.4
12.6
12.2
12.2
12.2
11.8
12.0
12.4
12.0
11.9
12.4
12.1
11.8
12.5
11.9
11.4
11.5
11.9
11.7
12.0
12.0
11.8
12.3
12.3
12.4
11.9
12.5
12.3
11.9
12.4
11.6
12.0
12.2
12.3
11.6
11.6
11.4
11.8
11.7
12.1
11.5
12.3
12.4
11.8
11.6
12.1
12.2
11.6
11.6
11.6
11.9
12.2
11.9
12.6
11.8
11.7
11.5
11.9
11.8
11.7
12.3
11.5
11.5
12.5
11.6
11.7
11.7
11.6
12.6
12.0
12.0
12.2
11.6
12.0
12.6
11.6
12.2
11.7
12.2
12.5
12.3
11.5
12.3
12.5
12.0
11.9
11.7
11.8
12.3
12.2
12.5
12.5
12.4
11.6
11.8
12.4
11.7
11.8
11.6
11.8
12.3
11.8
12.1
11.9
12.2
12.5
11.9
11.7
11.5
12.1
12.3
12.4
12.1
12.0
11.6
12.2
11.9
12.0
11.7
11.5
12.5
11.8
12.5
12.4
12.0
11.6
11.7
12.5
12.2
12.5
11.7
12.1
12.4
12.2
12.6
12.5
12.5
11.8
12.2
12.5
12.1
12.0
12.1
11.6
12.1
12.2
11.5
12.1
12.2
12.3
11.5
12.0
12.5
12.5
11.6
11.4
11.9
12.1
11.5
11.4
12.3
12.1
12.4
11.8
11.9
12.3
12.5
12.6
12.3
11.6
12.3
12.3
11.9
12.3
12.2
12.4
12.0
11.8
11.6
12.0
11.9
11.8
11.8
12.2
12.5
12.0
11.6
11.9
12.0
12.2
11.5
12.1
12.4
12.3
11.8
11.8
12.0
12.4
11.9
11.9
11.5
11.5
12.6
12.3
11.5
11.5
11.9
11.6
11.8
12.0
12.5
11.8
11.5
12.0
12.5
11.7
11.8
12.6
11.7
11.7
12.2
12.3
11.4
11.7
11.5
12.3
12.1
12.3
12.1
12.2
12.3
12.1
12.1
12.4
12.6
12.2
11.5
11.9
11.4
11.6
