26.2
25.4
26.1
24.8
26.8
25.2
27.1
24.9
25.2
26.6
25.6
25.8
25.9
25.1
26.5
27.0
26.9
26.5
26.0
26.2
25.9
27.0
26.4
26.0
25.3
26.5
24.8
25.1
27.0
26.0
25.3
25.2
26.9
26.8
26.0
26.8
25.8
25.2
26.2
26.5
26.3
25.3
25.0
25.8
26.5
25.5
25.4
26.3
26.9
24.8
26.9
24.9
25.9
26.3
25.7
25.9
25.3
24.9
25.0
26.2
25.7
27.1
26.4
26.0
24.8
24.9
26.6
27.0
26.4
26.5
24.9
26.2
26.7
26.0
26.2
25.0
24.9
26.2
25.8
26.8
24.9
26.0
25.3
27.2
26.7
24.8
27.1
26.1
25.1
26.0
26.2
24.7
25.7
26.2
26.3
25.8
26.0
26.3
26.1
25.5
25.2
25.7
26.8
25.9
27.0
26.3
26.6
26.1
26.2
27.1
25.9
25.6
27.3
27.2
26.0
26.8
26.0
25.9
25.5
25.1
26.5
26.0
26.2
25.0
26.7
25.2
25.2
27.1
26.6
26.9
26.9
26.5
26.6
25.2
26.4
26.7
26.8
25.3
25.6
26.7
25.6
25.6
26.6
27.0
27.3
26.2
26.4
25.6
25.5
27.3
27.2
26.3
25.8
26.3
25.4
26.3
26.8
25.9
25.7
25.2
25.2
25.5
27.2
25.3
26.9
27.2
25.0
25.3
25.2
27.2
25.1
27.3
26.1
26.5
27.0
25.4
25.1
25.4
26.6
24.8
26.2
26.0
25.3
26.0
25.3
26.2
24.7
26.1
25.1
26.9
26.4
25.7
26.3
25.9
26.5
25.7
26.5
27.1
25.6
26.7
26.1
27.1
25.9
25.2
25.9
24.8
24.8
25.3
25.3
26.7
26.0
25.7
26.7
26.8
25.8
25.1
25.6
25.3
25.2
25.2
25.7
26.0
27.2
25.7
27.1
24.9
25.1
27.0
25.9
27.3
26.0
26.7
25.6
26.0
25.8
26.4
24.9
26.9
25.1
25.9
