13.3
14.3
13.7
14.7
14.1
14.1
14.2
14.1
14.4
14.0
14.2
14.6
13.8
13.3
14.0
14.6
13.8
13.7
14.2
14.3
13.7
13.6
14.4
13.7
14.7
13.6
14.6
14.0
13.6
13.8
14.5
13.3
13.4
13.4
13.7
14.5
14.1
14.2
14.6
13.7
14.6
14.2
13.6
13.3
14.0
14.2
14.3
14.3
13.7
14.3
13.6
13.7
13.9
14.4
14.2
13.6
14.2
14.1
14.5
13.7
14.7
14.4
13.6
13.6
14.5
13.6
13.7
14.4
13.5
13.8
13.8
13.8
13.9
13.4
14.5
13.5
14.2
14.2
13.6
14.2
13.6
14.2
13.5
13.9
14.1
14.3
13.4
13.6
14.6
14.6
13.7
13.6
13.8
14.3
13.4
13.3
13.9
14.0
13.6
14.2
14.2
13.5
14.3
14.1
14.1
14.0
14.1
14.4
13.5
14.4
13.9
13.7
14.1
14.2
13.8
13.7
14.4
13.5
14.3
13.7
14.0
14.4
13.6
13.5
13.5
14.5
13.3
14.5
13.4
13.4
13.5
14.0
13.3
14.0
13.4
14.2
13.8
13.6
14.6
13.5
14.2
13.4
14.4
13.8
14.4
14.3
14.7
14.5
14.7
14.5
14.6
14.6
14.7
14.0
13.9
14.2
13.9
13.7
13.6
14.2
13.3
13.5
14.2
13.6
14.3
14.3
14.2
14.6
13.5
13.6
14.2
14.5
13.9
14.1
13.4
14.2
14.3
14.0
13.8
13.7
13.6
13.8
13.7
14.3
14.3
13.9
14.1
14.1
13.6
14.2
14.6
13.7
14.5
13.6
13.6
13.3
13.5
14.4
13.3
14.2
14.5
14.4
14.2
14.7
13.6
13.4
14.0
14.1
14.0
13.3
14.3
13.4
13.6
13.9
13.7
13.3
13.3
13.6
13.8
14.4
14.7
13.5
13.6
13.7
14.5
13.7
14.2
14.3
13.8
14.1
13.8
13.5
14.6
13.8
14.1
14.2
14.1
13.9
13.6
13.8
