29.7
30.2
30.3
30.2
29.7
30.8
29.8
29.4
28.7
30.6
30.2
30.9
28.7
29.0
29.0
30.0
30.4
28.8
28.9
31.2
30.1
31.0
28.5
29.1
30.0
29.0
31.4
28.6
30.2
31.1
29.5
28.9
30.5
29.2
31.0
29.5
29.6
29.5
29.2
30.1
30.2
31.0
28.6
31.3
31.0
30.3
30.4
30.1
31.4
31.3
30.5
29.1
30.4
29.5
29.0
30.2
29.9
29.6
30.7
30.2
30.4
29.1
28.8
29.9
29.2
29.4
28.7
28.6
30.9
29.8
30.8
29.1
30.0
31.1
30.6
29.3
31.3
28.8
30.9
28.6
30.7
28.5
29.5
30.9
30.0
28.9
30.0
31.2
30.2
29.8
30.5
28.5
30.4
31.3
30.9
30.5
31.0
28.6
28.7
28.6
29.2
29.9
30.4
29.2
29.3
28.7
29.1
30.4
29.3
30.4
30.5
29.3
29.7
29.1
31.1
28.8
31.4
29.8
31.2
31.4
31.1
28.8
30.3
30.7
29.1
30.7
30.2
29.8
28.9
31.0
31.2
31.0
29.8
29.3
29.7
29.7
30.0
31.4
29.5
28.5
29.7
30.0
28.7
31.2
30.2
30.5
29.5
31.0
31.3
30.9
30.0
28.5
29.3
28.7
31.5
28.9
30.0
29.5
31.1
29.9
30.6
30.6
29.1
29.7
28.8
30.4
31.2
28.8
28.9
30.5
30.8
31.1
28.7
29.1
31.3
30.1
31.0
28.8
29.6
31.1
31.0
29.1
29.7
30.5
30.7
28.8
29.0
30.7
28.7
31.5
30.9
29.1
29.2
30.7
29.5
29.1
30.9
28.7
31.2
30.3
30.6
29.7
29.9
30.3
31.1
29.8
29.9
31.0
31.3
30.0
31.1
29.5
29.8
29.8
29.8
29.9
30.4
31.3
29.2
29.8
31.2
30.4
28.7
29.5
29.4
31.5
29.1
28.8
29.1
30.5
28.5
31.5
31.2
30.7
31.2
28.9
31.2
28.9
29.8
30.2
