9.2
0.22
9.3
0.176
9.4
0.3
9.5
0.048
9.6
0.004
9.7
0
9.8
0.004
9.9
0
10.0
0
10.1
0
10.2
0
10.3
0
10.4
0
10.5
0
10.6
0
10.7
0
10.8
0.004
10.9
0
11.0
0
11.1
0
11.2
0
11.3
0.004
11.4
0
11.5
0.008
11.6
0.004
11.7
0
11.8
0
11.9
0.004
12.0
0.008
12.1
0.008
12.2
0.004
12.3
0.004
12.4
0.012
12.5
0
12.6
0.004
12.7
0.004
12.8
0.012
12.9
0.016
13.0
0.02
13.1
0.032
13.2
0.024
13.3
0.024
13.4
0.012
13.5
0.004
13.6
0.012
13.7
0.008
13.8
0.008
13.9
0
14.0
0
14.1
0
14.2
0.004
14.3
0
14.4
0
14.5
0
14.6
0
14.7
0
14.8
0
14.9
0
15.0
0
15.1
0
15.2
0
15.3
0
15.4
0
15.5
0
15.6
0
15.7
0
15.8
0
15.9
0
16.0
0
16.1
0
16.2
0
16.3
0
16.4
0.004
