20.0
0.036
20.1
0.208
20.2
0.108
20.3
0.072
20.4
0.216
20.5
0.06
20.6
0.028
20.7
0.004
20.8
0.004
20.9
0
21.0
0.012
21.1
0.004
21.2
0
21.3
0
21.4
0
21.5
0
21.6
0
21.7
0
21.8
0.004
21.9
0
22.0
0
22.1
0
22.2
0
22.3
0
22.4
0
22.5
0
22.6
0
22.7
0
22.8
0.004
22.9
0
23.0
0
23.1
0
23.2
0
23.3
0
23.4
0
23.5
0
23.6
0
23.7
0
23.8
0
23.9
0
24.0
0
24.1
0
24.2
0
24.3
0
24.4
0.004
24.5
0
24.6
0
24.7
0
24.8
0
24.9
0
25.0
0
25.1
0
25.2
0
25.3
0
25.4
0
25.5
0
25.6
0
25.7
0.004
25.8
0
25.9
0
26.0
0
26.1
0
26.2
0
26.3
0
26.4
0.004
26.5
0
26.6
0
26.7
0
26.8
0
26.9
0
27.0
0
27.1
0
27.2
0
27.3
0
27.4
0
27.5
0
27.6
0
27.7
0
27.8
0.004
27.9
0.004
28.0
0.004
28.1
0.004
28.2
0.004
28.3
0.004
28.4
0.008
28.5
0.012
28.6
0.004
28.7
0
28.8
0.008
28.9
0.004
29.0
0.008
29.1
0.004
29.2
0.012
29.3
0.024
29.4
0.012
29.5
0.012
29.6
0
29.7
0.012
29.8
0.012
29.9
0.008
30.0
0
30.1
0.012
30.2
0.004
30.3
0
30.4
0.004
30.5
0.004
30.6
0.012
30.7
0
30.8
0
30.9
0
31.0
0.008
31.1
0.004
31.2
0.004
31.3
0
31.4
0
31.5
0
31.6
0
31.7
0
31.8
0
31.9
0
32.0
0
32.1
0
32.2
0.004
32.3
0
32.4
0
32.5
0
32.6
0
32.7
0
32.8
0.004
32.9
0
33.0
0
33.1
0
33.2
0
33.3
0
33.4
0
33.5
0
33.6
0
33.7
0
33.8
0
33.9
0
34.0
0
34.1
0
34.2
0
34.3
0
34.4
0.004
