4.3
4.3
4.3
4.2
4.2
4.3
4.3
4.2
4.3
4.2
4.3
4.3
4.2
4.2
4.3
4.3
4.3
4.3
4.3
4.3
4.4
4.4
4.3
4.3
4.2
4.4
4.4
4.4
4.3
4.3
4.3
4.3
4.3
4.4
4.4
4.4
4.4
4.5
4.4
4.4
4.4
4.5
4.4
4.4
4.4
4.5
4.4
4.4
4.5
4.4
4.4
4.5
4.5
4.5
4.4
4.5
4.5
4.5
4.4
4.5
4.5
4.5
4.4
4.6
4.5
4.6
4.5
4.6
4.5
4.6
4.6
4.6
4.6
4.5
4.6
4.6
4.7
4.6
4.5
4.6
4.6
4.6
4.6
4.7
4.5
4.6
4.6
4.6
4.6
4.6
4.6
4.6
4.6
4.8
4.7
4.6
4.7
4.7
4.7
4.8
4.7
4.7
4.7
4.6
4.6
4.7
4.8
4.8
4.8
4.8
4.7
4.8
4.7
4.7
4.8
4.8
4.8
4.9
4.8
4.8
4.8
4.7
4.8
4.8
4.8
4.8
4.8
4.9
4.9
4.9
4.9
4.9
4.9
4.9
4.8
4.9
4.8
4.8
5.0
5.0
5.0
4.8
4.9
4.9
5.0
4.9
4.9
4.9
4.9
4.9
4.9
4.9
5.0
4.9
4.9
5.0
4.9
4.9
4.8
4.9
5.0
5.0
4.8
5.0
4.8
4.9
4.8
5.0
4.8
4.8
4.9
4.8
5.0
4.9
4.9
4.9
4.9
4.9
4.8
4.9
4.8
4.8
4.8
4.9
4.8
4.8
4.9
4.9
4.8
4.9
4.7
4.7
4.9
4.8
4.7
4.9
4.8
4.7
4.9
4.9
4.8
4.7
4.9
4.9
4.8
4.8
4.8
4.8
4.8
4.7
4.7
4.7
4.8
4.8
4.8
4.8
4.7
4.8
4.7
4.8
4.7
4.7
4.8
4.8
4.7
4.7
4.6
4.8
4.8
4.7
4.8
4.8
4.8
4.7
4.7
4.6
4.7
4.7
4.7
4.6
4.7
4.6
4.7
4.7
4.7
4.6
4.7
4.7
4.6
4.6
4.7
4.7
4.6
4.7
4.6
4.7
4.6
4.6
4.6
4.7
4.7
4.6
4.7
4.6
4.6
4.6
4.7
4.5
4.6
4.7
4.6
4.7
4.5
4.5
4.7
4.5
4.6
4.5
4.5
4.6
4.5
4.5
4.6
4.6
4.5
4.6
4.5
4.5
4.5
4.6
4.5
4.6
4.6
4.5
4.6
4.5
4.5
4.4
4.5
4.4
