9.0
9.2
8.9
8.9
9.2
9.1
9.2
9.2
9.2
9.1
9.2
9.0
9.0
9.3
9.3
9.3
9.3
9.1
9.2
9.0
9.3
9.2
9.2
9.2
9.3
9.3
9.4
9.1
9.4
9.4
9.4
9.5
9.1
9.5
9.4
9.5
9.4
9.5
9.2
9.3
9.3
9.5
9.5
9.3
9.3
9.4
9.6
9.6
9.3
9.6
9.3
9.5
9.3
9.7
9.5
9.6
9.6
9.4
9.7
9.7
9.5
9.6
9.5
9.8
9.8
9.8
9.5
9.8
9.8
9.7
9.6
9.8
9.9
9.6
9.6
9.6
9.8
9.7
9.8
9.7
9.8
9.7
9.6
9.6
9.9
9.7
9.9
10.0
9.9
10.0
9.9
9.8
9.9
10.0
10.1
9.8
10.1
9.9
9.8
9.9
9.8
10.1
10.2
9.9
10.0
10.1
10.0
9.9
10.1
10.1
10.2
10.2
10.3
10.3
10.0
10.0
10.1
10.3
10.2
10.4
10.4
10.2
10.1
10.3
10.1
10.3
10.2
10.4
10.4
10.2
10.2
10.2
10.3
10.5
10.4
10.3
10.6
10.3
10.5
10.4
10.6
10.5
10.2
10.6
10.5
10.6
10.3
10.6
10.4
10.3
10.5
10.5
10.3
10.5
10.6
10.7
10.4
10.6
10.6
10.6
10.5
10.6
10.5
10.6
10.5
10.3
10.3
10.3
10.5
10.4
10.5
10.6
10.5
10.2
10.3
10.2
10.4
10.5
10.5
10.2
10.4
10.4
10.4
10.3
10.4
10.1
10.2
10.4
10.4
10.1
10.1
10.1
10.2
10.1
10.2
10.3
10.2
10.1
10.3
10.3
10.4
10.3
10.1
10.1
10.1
10.3
10.2
10.0
10.1
10.1
10.2
10.2
9.9
10.2
9.9
10.3
10.2
10.3
10.0
10.1
10.2
10.3
9.9
10.1
9.9
9.9
10.1
9.9
10.0
10.2
10.1
10.0
9.8
10.2
10.2
9.9
10.1
9.9
9.8
9.9
9.9
9.8
9.8
9.8
9.8
9.8
10.0
10.0
10.0
9.9
9.8
9.9
9.8
10.0
9.9
9.7
9.9
9.8
9.7
9.7
9.8
9.9
9.8
10.0
9.9
9.6
10.0
9.8
9.7
9.7
9.8
9.9
9.8
9.7
9.7
9.9
9.9
9.6
9.7
9.7
9.7
9.7
9.5
9.5
9.6
9.6
9.7
9.7
9.7
9.5
9.6
9.5
9.6
9.5
9.7
9.7
9.5
9.7
9.8
9.8
