20.5
20.3
20.3
20.3
20.5
20.4
20.6
20.4
20.3
20.3
20.4
20.3
20.4
20.4
20.4
20.3
20.7
20.3
20.5
20.4
20.4
20.3
20.3
20.3
20.4
20.4
20.3
20.5
20.4
20.5
20.4
20.4
20.5
20.6
20.4
20.5
20.5
20.5
20.4
20.4
20.4
20.3
20.4
20.4
20.4
20.5
20.4
20.4
20.4
20.4
20.3
20.5
20.4
20.3
20.3
20.4
20.3
20.3
20.3
20.3
20.3
20.4
20.2
20.3
20.2
20.2
20.2
20.3
20.2
20.3
20.3
20.2
20.3
20.3
20.2
20.4
20.3
20.2
20.4
20.2
20.2
20.3
20.2
20.3
20.3
20.2
20.4
20.3
20.2
20.4
20.4
20.3
20.2
20.2
20.2
20.3
20.1
20.2
20.2
20.3
20.4
20.2
20.3
20.2
20.1
20.2
20.2
20.2
20.2
20.2
20.2
20.2
20.2
20.2
20.1
20.2
20.2
20.2
20.3
20.2
20.1
20.4
20.1
20.2
20.2
20.2
20.2
20.2
20.1
20.2
20.2
20.2
20.2
20.2
20.2
20.2
20.2
20.3
20.2
20.2
20.2
20.2
20.2
20.2
20.2
20.3
20.2
20.2
20.2
20.3
20.3
20.2
20.2
20.1
20.1
20.3
20.2
20.2
20.2
20.3
20.3
20.2
20.3
20.2
20.2
20.2
20.3
20.3
20.3
20.2
20.2
20.2
20.2
20.3
20.3
20.2
20.2
20.2
20.2
20.2
20.2
20.4
20.3
20.2
20.2
20.3
20.5
20.3
20.4
20.4
20.2
20.3
20.4
20.3
20.3
20.4
20.3
20.3
20.3
20.2
20.4
20.4
20.3
20.3
20.2
20.2
20.3
20.3
20.2
20.2
20.2
20.3
20.3
20.9
20.4
20.4
20.4
20.3
20.3
20.3
20.3
20.3
20.2
20.3
20.3
20.3
20.2
20.3
20.2
20.3
20.2
20.3
20.2
20.3
20.3
20.4
20.4
20.4
20.4
20.3
20.3
20.4
20.5
20.4
20.5
20.3
20.3
20.5
20.3
20.3
