12.2
12.2
12.2
12.1
12.2
12.3
12.5
12.6
12.5
12.3
12.4
12.7
12.0
12.0
12.1
12.1
12.6
12.2
12.1
12.2
12.8
12.2
12.6
12.2
12.3
12.9
12.4
12.3
12.6
12.6
12.2
12.6
12.6
12.4
12.2
12.5
12.2
12.2
12.3
12.2
12.3
12.3
12.5
12.5
12.4
12.2
12.3
12.8
12.7
12.2
13.0
12.2
12.6
12.3
12.4
12.4
12.5
12.8
12.7
12.4
12.3
12.2
12.5
12.3
12.6
12.2
12.3
12.7
12.3
12.6
12.6
12.6
12.7
13.1
12.3
12.4
12.2
12.3
12.2
12.2
12.6
12.7
12.3
12.4
12.3
12.4
12.3
12.7
12.5
12.4
12.3
12.1
12.5
12.3
12.1
12.2
12.2
12.6
12.3
12.4
12.2
12.3
12.4
12.3
12.6
12.2
12.7
12.7
12.4
12.5
12.7
12.3
12.5
12.4
12.2
12.6
12.6
12.3
12.1
12.2
12.7
12.3
12.4
12.3
12.5
12.3
12.2
12.3
12.8
12.3
12.4
12.2
12.2
12.3
12.4
12.4
12.3
12.4
12.2
12.4
12.2
12.3
12.7
12.2
12.8
12.5
12.3
12.2
12.6
12.3
12.5
12.4
12.4
12.2
12.3
12.1
12.4
12.7
12.7
12.3
12.4
12.5
12.3
12.3
12.3
12.2
12.4
12.2
12.3
12.3
12.3
12.5
12.5
12.3
12.3
12.6
12.3
12.3
12.1
12.4
12.2
12.2
12.5
12.2
12.4
12.2
12.7
12.6
12.3
12.2
12.9
12.3
12.2
12.3
12.3
12.3
12.3
12.2
12.3
12.2
12.3
12.5
12.5
12.7
12.5
12.5
12.2
12.2
12.4
12.2
12.3
12.7
12.9
12.6
12.3
12.7
12.3
12.4
12.2
12.5
12.8
12.4
12.3
12.3
12.2
12.2
12.4
12.1
13.0
12.5
12.3
12.3
12.2
12.2
12.8
12.2
12.4
12.6
12.9
13.0
12.7
12.4
12.4
12.4
13.5
12.3
12.3
12.3
12.4
12.3
