27.8
28.1
27.8
28.0
27.3
27.9
26.8
27.2
26.2
26.2
26.2
27.4
28.1
27.4
27.6
27.2
27.2
27.1
26.7
27.0
27.8
25.7
26.8
27.2
27.6
25.9
28.0
27.3
26.3
27.3
26.4
26.7
27.6
26.0
26.2
27.4
26.1
28.0
25.8
25.9
25.7
26.4
26.0
28.3
25.9
27.2
25.9
28.2
27.8
26.8
26.8
27.4
26.9
27.3
27.6
28.0
28.3
27.1
28.2
26.4
26.7
26.0
26.0
28.2
27.1
26.4
27.2
26.7
27.9
27.7
27.2
26.5
26.0
27.1
27.0
26.9
26.6
26.4
27.1
26.8
26.8
26.6
26.8
27.2
28.2
27.3
25.8
27.2
26.5
26.7
27.3
27.4
28.2
28.0
27.2
27.5
27.1
25.7
26.9
28.2
26.8
26.7
27.6
26.0
26.3
26.0
25.9
28.2
28.0
27.5
26.7
25.7
27.4
26.8
26.6
26.2
25.8
27.3
27.1
27.8
26.8
27.2
26.8
27.8
28.2
25.9
27.2
26.2
27.2
26.1
25.9
27.9
28.3
26.4
26.5
25.8
26.5
26.4
27.3
28.2
27.6
27.2
26.2
26.7
27.6
25.8
25.9
26.6
27.5
27.9
27.2
26.6
26.6
26.3
27.9
26.5
26.4
28.1
26.7
28.2
26.6
27.0
27.5
27.1
27.2
28.3
26.6
26.0
27.5
25.7
26.1
28.3
25.9
26.1
25.7
26.5
27.2
27.0
27.0
28.2
27.6
27.5
28.3
27.5
28.1
26.5
26.4
28.3
26.7
26.3
25.7
26.8
26.7
27.2
26.1
27.4
27.3
26.8
27.4
26.0
27.1
26.0
26.9
27.7
27.5
26.4
27.3
26.8
26.3
27.9
26.7
27.1
28.3
26.4
28.1
26.9
28.3
27.7
27.5
27.0
27.3
27.9
25.9
26.2
28.2
27.5
27.4
25.9
27.0
25.7
26.7
27.5
26.1
28.3
26.5
28.2
28.1
25.9
27.0
26.9
